Freq  Range Pol MPA Amp Doppler    Az    Zn  PGH
 3.000  115.0  90  54  66   1.563   0.0   0.0
 3.000  120.0  90  54  66   1.563   0.0   0.0
 3.100  120.0  90  54  66   1.563   0.0   0.0
 3.200  120.0  90  54  66  -1.563   0.0   0.0
 4.000  200.0  90  54  66  -1.563   0.0   0.0
 4.300  200.0  90  54  66  -1.563   0.0   0.0
 4.300  205.0  90  54  78  -1.563   0.0   0.0
 4.300  210.0  90  54  66   1.563   0.0   0.0
 4.400  210.0  90  54  66  -1.563   0.0   0.0
 4.400  215.0  90  54  72  -1.563   0.0   0.0
 4.500  225.0  90  54  72  -1.563   0.0   0.0
 4.500  230.0  90  54  78  -1.563   0.0   0.0
 4.500  235.0  90  54  66   1.563   0.0   0.0
 4.600   90.0  90  54  66   1.563   0.0   0.0
 4.600  250.0  90  54  72  -1.563   0.0   0.0
 4.600  255.0  90  54  78  -1.563   0.0   0.0
 4.600  260.0  90  54  72   1.563   0.0   0.0
 4.600  665.0  90  54  66   7.813   0.0   0.0
 4.700   65.0  90  66  78 -10.938   0.0   0.0
 4.800  330.0  90  54  78  -1.563   0.0   0.0
 4.800  335.0  90  54  78  -1.563   0.0   0.0
 4.900   80.0  90  54  66   1.563   0.0   0.0
 4.900  330.0  90  54  78  -1.563   0.0   0.0
 4.900  335.0  90  54  78  -1.563   0.0   0.0
 4.900  340.0  90  54  66  -1.563   0.0   0.0
 5.100  325.0  90  66  78  -1.563   0.0   0.0
 5.100  330.0  90  66  78  -1.563   0.0   0.0
 5.200  320.0  90  54  72  -1.563   0.0   0.0
 5.200  325.0  90  54  78  -1.563   0.0   0.0
 5.200  330.0  90  54  72  -1.563   0.0   0.0
 5.300  320.0  90  54  78  -1.563   0.0   0.0
 5.300  325.0  90  54  78  -1.563   0.0   0.0
 5.300  330.0  90  54  66  -1.563   0.0   0.0
 5.400  320.0  90  54  78  -1.563   0.0   0.0
 5.400  325.0  90  54  84  -1.563   0.0   0.0
 5.400  330.0  90  54  72  -1.563   0.0   0.0
 5.400  635.0  90  54  66  -1.563   0.0   0.0
 5.400  340.0 -90  54  72  -1.563   0.0   0.0
 5.500  320.0  90  54  78  -1.563   0.0   0.0
 5.500  325.0  90  54  78  -1.563   0.0   0.0
 5.500  330.0  90  54  66  -1.563   0.0   0.0
 5.500  335.0 -90  54  66  -1.563   0.0   0.0
 5.500  340.0 -90  54  66  -1.563   0.0   0.0
 5.600  315.0  90  48  60  -1.563   0.0   0.0
 5.600  320.0  90  48  78  -1.563   0.0   0.0
 5.600  325.0  90  48  78  -1.563   0.0   0.0
 5.600  330.0  90  48  60   1.563   0.0   0.0
 5.600  630.0  90  48  60  -1.563   0.0   0.0
 5.600  635.0  90  48  60  -1.563   0.0   0.0
 5.700  315.0  90  54  66  -1.563   0.0   0.0
 5.700  320.0  90  54  78  -1.563   0.0   0.0
 5.700  325.0  90  54  78  -1.563   0.0   0.0
 5.800  315.0  90  48  66  -1.563   0.0   0.0
 5.800  320.0  90  48  78  -1.563   0.0   0.0
 5.800  325.0  90  48  72  -1.563   0.0   0.0
 5.800  330.0  90  48  60   1.563   0.0   0.0
 5.900  315.0  90  48  60  -1.563   0.0   0.0
 5.900  320.0  90  48  78  -1.563   0.0   0.0
 5.900  325.0  90  48  72  -1.563   0.0   0.0
 5.900  330.0  90  48  60  -1.563   0.0   0.0
 5.900  335.0 -90  48  66  -1.563   0.0   0.0
 6.000  315.0  90  48  66  -1.563   0.0   0.0
 6.000  320.0  90  48  78  -1.563   0.0   0.0
 6.000  325.0  90  48  72  -1.563   0.0   0.0
 6.000  330.0  90  48  60  -1.563   0.0   0.0
 6.000  630.0  90  48  60  -1.563   0.0   0.0
 6.000  335.0 -90  48  78  -1.563   0.0   0.0
 6.100  315.0  90  48  66  -1.563   0.0   0.0
 6.100  320.0  90  48  78  -1.563   0.0   0.0
 6.100  325.0  90  48  72  -1.563   0.0   0.0
 6.100  330.0  90  48  60  -1.563   0.0   0.0
 6.100  335.0  90  48  60  -1.563   0.0   0.0
 6.100  580.0  90  48  60   1.563   0.0   0.0
 6.100  630.0  90  48  60   1.563   0.0   0.0
 6.100  640.0  90  48  60   7.813   0.0   0.0
 6.400  320.0  90  48  66   1.563   0.0   0.0
 6.400  325.0  90  48  60   1.563   0.0   0.0
 6.400  630.0  90  48  60  -1.563   0.0   0.0
 6.400  635.0  90  48  60   1.563   0.0   0.0
 6.400  330.0 -90  48  78  -1.563   0.0   0.0
 6.400  335.0 -90  48  72  -1.563   0.0   0.0
 6.500  315.0  90  48  60   1.563   0.0   0.0
 6.500  320.0  90  48  72  -1.563   0.0   0.0
 6.500  325.0  90  48  72  -1.563   0.0   0.0
 6.500  330.0  90  48  60   1.563   0.0   0.0
 6.500  630.0  90  48  66  -1.563   0.0   0.0
 6.500  635.0  90  48  66  -1.563   0.0   0.0
 6.500  335.0 -90  48  66  -1.563   0.0   0.0
 6.600  315.0  90  48  60   1.563   0.0   0.0
 6.600  320.0  90  48  72  -1.563   0.0   0.0
 6.600  325.0  90  48  72  -1.563   0.0   0.0
 6.600  630.0  90  48  66  -1.563   0.0   0.0
 6.600  635.0  90  48  66  -1.563   0.0   0.0
 6.600  330.0 -90  48  78  -1.563   0.0   0.0
 6.600  335.0 -90  48  66  -1.563   0.0   0.0
 6.700  320.0  90  48  72  -1.563   0.0   0.0
 6.700  325.0  90  48  72  -1.563   0.0   0.0
 6.700  630.0  90  48  60  -1.563   0.0   0.0
 6.700  330.0 -90  48  78  -1.563   0.0   0.0
 6.700  335.0 -90  48  72  -1.563   0.0   0.0
 6.800  320.0  90  48  72   1.563   0.0   0.0
 6.800  325.0  90  48  72  -1.563   0.0   0.0
 6.800  330.0  90  48  60  -1.563   0.0   0.0
 6.800  630.0  90  48  60  -1.563   0.0   0.0
 6.800  635.0  90  48  60  -1.563   0.0   0.0
 6.800  335.0 -90  48  72  -1.563   0.0   0.0
 6.900  320.0  90  48  66  -1.563   0.0   0.0
 6.900  325.0  90  48  66   1.563   0.0   0.0
 6.900  630.0  90  48  60  -1.563   0.0   0.0
 6.900  635.0  90  48  66   1.563   0.0   0.0
 6.900  640.0  90  48  60  -1.563   0.0   0.0
 6.900  330.0 -90  48  78  -1.563   0.0   0.0
 6.900  335.0 -90  48  72  -1.563   0.0   0.0
 7.000  320.0  90  48  66  -1.563   0.0   0.0
 7.000  325.0  90  48  60  -1.563   0.0   0.0
 7.000  635.0  90  48  66  -1.563   0.0   0.0
 7.000  640.0  90  48  60  -1.563   0.0   0.0
 7.000  330.0 -90  48  78  -1.563   0.0   0.0
 7.000  335.0 -90  48  72  -1.563   0.0   0.0
 7.100  320.0  90  48  60  -1.563   0.0   0.0
 7.100  325.0  90  48  66  -1.563   0.0   0.0
 7.100  635.0  90  48  60   1.563   0.0   0.0
 7.100  640.0  90  48  60  -1.563   0.0   0.0
 7.100  330.0 -90  48  78  -1.563   0.0   0.0
 7.100  335.0 -90  48  72  -1.563   0.0   0.0
 7.200  320.0  90  48  60  -1.563   0.0   0.0
 7.200  325.0  90  48  66  -1.563   0.0   0.0
 7.200  635.0  90  48  60  -1.563   0.0   0.0
 7.200  640.0  90  48  60  -1.563   0.0   0.0
 7.200  330.0 -90  48  78  -1.563   0.0   0.0
 7.200  335.0 -90  48  72  -1.563   0.0   0.0
 7.300  320.0  90  48  66  -1.563   0.0   0.0
 7.300  325.0  90  48  72  -1.563   0.0   0.0
 7.300  330.0  90  48  66  -1.563   0.0   0.0
 7.400  320.0  90  48  60  -1.563   0.0   0.0
 7.400  325.0  90  48  72  -1.563   0.0   0.0
 7.400  330.0  90  48  66  -1.563   0.0   0.0
 7.500  325.0  90  48  66  -1.563   0.0   0.0
 7.500  330.0  90  48  60   1.563   0.0   0.0
 7.500  335.0 -90  48  72  -1.563   0.0   0.0
 7.600  325.0  90  48  66  -1.563   0.0   0.0
 7.600  330.0  90  48  66  -1.563   0.0   0.0
 7.600  335.0 -90  48  72  -1.563   0.0   0.0
 7.700  325.0  90  48  66  -1.563   0.0   0.0
 7.700  330.0  90  48  60  -1.563   0.0   0.0
 7.700  335.0 -90  48  66  -1.563   0.0   0.0
 7.800  325.0  90  48  66  -1.563   0.0   0.0
 7.800  330.0  90  48  60  -1.563   0.0   0.0
 7.800  335.0 -90  48  66  -1.563   0.0   0.0
 7.900  325.0  90  48  66  -1.563   0.0   0.0
 7.900  330.0  90  48  66  -1.563   0.0   0.0
 8.000  325.0  90  48  66  -1.563   0.0   0.0
 8.000  330.0  90  48  66  -1.563   0.0   0.0
 8.100  325.0  90  48  60  -1.563   0.0   0.0
 8.100  330.0  90  48  66   1.563   0.0   0.0
 8.200  325.0  90  48  66  -1.563   0.0   0.0
 8.200  330.0  90  48  66  -1.563   0.0   0.0
 8.300  325.0  90  48  60  -1.563   0.0   0.0
 8.300  330.0  90  48  66  -1.563   0.0   0.0
 8.400  325.0  90  48  66  -1.563   0.0   0.0
 8.400  330.0  90  48  66  -1.563   0.0   0.0
 8.400  335.0  90  48  60  -1.563   0.0   0.0
 8.500  325.0  90  48  60  -1.563   0.0   0.0
 8.500  330.0  90  48  66  -1.563   0.0   0.0
 8.500  335.0  90  48  60  -1.563   0.0   0.0
 8.600  325.0  90  48  60   1.563   0.0   0.0
 8.600  330.0  90  48  72  -1.563   0.0   0.0
 8.600  335.0  90  48  66  -1.563   0.0   0.0
 8.700  325.0  90  48  60   1.563   0.0   0.0
 8.700  330.0  90  48  72  -1.563   0.0   0.0
 8.700  335.0  90  48  66  -1.563   0.0   0.0
 8.800  325.0  90  42  60  -1.563   0.0   0.0
 8.800  330.0  90  42  72  -1.563   0.0   0.0
 8.800  335.0  90  42  66  -1.563   0.0   0.0
 8.800  340.0  90  42  54  -1.563   0.0   0.0
 8.800  650.0  90  42  54  -1.563   0.0   0.0
 8.800  655.0  90  42  54   1.563   0.0   0.0
 8.900  325.0  90  42  54   1.563   0.0   0.0
 8.900  330.0  90  42  72  -1.563   0.0   0.0
 8.900  335.0  90  42  72   1.563   0.0   0.0
 8.900  340.0  90  42  54   1.563   0.0   0.0
 8.900  585.0  90  42  54   4.688   0.0   0.0
 9.000  330.0  90  48  66   1.563   0.0   0.0
 9.000  335.0  90  48  66  -1.563   0.0   0.0
 9.000  340.0  90  48  60  -1.563   0.0   0.0
 9.000  655.0  90  48  60  -1.563   0.0   0.0
 9.100  330.0  90  42  66  -1.563   0.0   0.0
 9.100  335.0  90  42  66  -1.563   0.0   0.0
 9.100  340.0  90  42  54   1.563   0.0   0.0
 9.100  655.0  90  42  54  -1.563   0.0   0.0
 9.200  330.0  90  42  66  -1.563   0.0   0.0
 9.200  335.0  90  42  66  -1.563   0.0   0.0
 9.200  340.0  90  42  60  -1.563   0.0   0.0
 9.300  330.0  90  42  66  -1.563   0.0   0.0
 9.300  335.0  90  42  72  -1.563   0.0   0.0
 9.300  340.0  90  42  60   1.563   0.0   0.0
 9.300  655.0  90  42  54   1.563   0.0   0.0
 9.400  330.0  90  42  60  -1.563   0.0   0.0
 9.400  335.0  90  42  72   1.563   0.0   0.0
 9.400  340.0  90  42  66  -1.563   0.0   0.0
 9.400  655.0  90  42  54  -1.563   0.0   0.0
 9.400  660.0  90  42  54  -1.563   0.0   0.0
 9.500  330.0  90  42  60  -1.563   0.0   0.0
 9.500  335.0  90  42  72  -1.563   0.0   0.0
 9.500  340.0  90  42  60   1.563   0.0   0.0
 9.500  660.0  90  42  54   1.563   0.0   0.0
 9.600  335.0  90  48  66  -1.563   0.0   0.0
 9.600  340.0  90  48  66  -1.563   0.0   0.0
 9.700  335.0  90  42  66  -1.563   0.0   0.0
 9.700  340.0  90  42  66   1.563   0.0   0.0
 9.700  345.0  90  42  54  -1.563   0.0   0.0
 9.700  660.0  90  42  54  -1.563   0.0   0.0
 9.700  665.0  90  42  54   1.563   0.0   0.0
 9.800  335.0  90  48  66  -1.563   0.0   0.0
 9.800  340.0  90  48  66  -1.563   0.0   0.0
 9.900  335.0  90  42  66  -1.563   0.0   0.0
 9.900  340.0  90  42  72   1.563   0.0   0.0
 9.900  345.0  90  42  60   1.563   0.0   0.0
 9.900  665.0  90  42  54   1.563   0.0   0.0
10.100  335.0  90  48  66  -1.563   0.0   0.0
10.100  340.0  90  48  78   1.563   0.0   0.0
10.100  345.0  90  48  72  -1.563   0.0   0.0
10.100  665.0  90  48  60  -1.563   0.0   0.0
10.100  670.0  90  48  66  -1.563   0.0   0.0
10.200  335.0  90  48  60  -1.563   0.0   0.0
10.200  340.0  90  48  78   1.563   0.0   0.0
10.200  345.0  90  48  72  -1.563   0.0   0.0
10.200  670.0  90  48  60   1.563   0.0   0.0
10.200  675.0  90  48  60   1.563   0.0   0.0
10.300  340.0  90  60  78   1.563   0.0   0.0
10.300  345.0  90  60  72  -1.563   0.0   0.0
10.400  340.0  90  60  72   1.563   0.0   0.0
10.400  345.0  90  60  72   1.563   0.0   0.0
10.500  340.0  90  48  72  -1.563   0.0   0.0
10.500  345.0  90  48  78   1.563   0.0   0.0
10.500  350.0  90  48  66  -1.563   0.0   0.0
10.500  675.0  90  48  60  -1.563   0.0   0.0
10.600  340.0  90  48  72   1.563   0.0   0.0
10.600  345.0  90  48  78  -1.563   0.0   0.0
10.600  350.0  90  48  66   1.563   0.0   0.0
10.600  675.0  90  48  60   1.563   0.0   0.0
10.600  680.0  90  48  60   1.563   0.0   0.0
10.700  340.0  90  48  66   1.563   0.0   0.0
10.700  345.0  90  48  78  -1.563   0.0   0.0
10.700  350.0  90  48  72   1.563   0.0   0.0
10.700  680.0  90  48  66   1.563   0.0   0.0
10.800  340.0  90  48  60   1.563   0.0   0.0
10.800  345.0  90  48  78   1.563   0.0   0.0
10.800  350.0  90  48  72   1.563   0.0   0.0
10.800  680.0  90  48  66   1.563   0.0   0.0
10.800  685.0  90  48  60   1.563   0.0   0.0
10.900  340.0  90  42  54  -1.563   0.0   0.0
10.900  345.0  90  42  72  -1.563   0.0   0.0
10.900  350.0  90  42  72   1.563   0.0   0.0
10.900  355.0  90  42  60  -1.563   0.0   0.0
10.900  680.0  90  42  54   1.563   0.0   0.0
10.900  685.0  90  42  60   1.563   0.0   0.0
11.000  345.0  90  42  72  -1.563   0.0   0.0
11.000  350.0  90  42  72   1.563   0.0   0.0
11.000  355.0  90  42  66   1.563   0.0   0.0
11.000  685.0  90  42  60  -1.563   0.0   0.0
11.000  690.0  90  42  54   1.563   0.0   0.0
11.300  345.0  90  42  54  -1.563   0.0   0.0
11.300  350.0  90  42  72   1.563   0.0   0.0
11.300  355.0  90  42  72  -1.563   0.0   0.0
11.300  360.0  90  42  54   1.563   0.0   0.0
11.400  350.0  90  42  66   1.563   0.0   0.0
11.400  355.0  90  42  72  -1.563   0.0   0.0
11.400  360.0  90  42  60   1.563   0.0   0.0
11.400  695.0  90  42  60   1.563   0.0   0.0
11.400  690.0 -90  42  66   1.563   0.0   0.0
11.500  350.0  90  54  66   1.563   0.0   0.0
11.500  355.0  90  54  72   1.563   0.0   0.0
11.500  360.0  90  54  66   1.563   0.0   0.0
11.600  350.0  90  42  54   1.563   0.0   0.0
11.600  355.0  90  42  72   1.563   0.0   0.0
11.600  360.0  90  42  72   1.563   0.0   0.0
11.600  365.0  90  42  54  -1.563   0.0   0.0
11.700  355.0  90  42  72   1.563   0.0   0.0
11.700  360.0  90  42  72   1.563   0.0   0.0
11.700  365.0  90  42  60   1.563   0.0   0.0
11.800  355.0  90  42  60   1.563   0.0   0.0
11.800  360.0  90  42  72   1.563   0.0   0.0
11.800  365.0  90  42  66   1.563   0.0   0.0
11.800  370.0  90  42  54   1.563   0.0   0.0
11.900  355.0  90  42  54   1.563   0.0   0.0
11.900  360.0  90  42  72   1.563   0.0   0.0
11.900  365.0  90  42  72   1.563   0.0   0.0
11.900  370.0  90  42  60  -1.563   0.0   0.0
12.000  360.0  90  42  66   1.563   0.0   0.0
12.000  365.0  90  42  72   1.563   0.0   0.0
12.000  370.0  90  42  60   1.563   0.0   0.0
12.100  360.0  90  42  54   1.563   0.0   0.0
12.100  365.0  90  42  72   1.563   0.0   0.0
12.100  370.0  90  42  66   1.563   0.0   0.0
12.100  375.0  90  42  54  -1.563   0.0   0.0
12.200  365.0  90  42  66  -1.563   0.0   0.0
12.200  370.0  90  42  72   1.563   0.0   0.0
12.200  375.0  90  42  60  -1.563   0.0   0.0
12.200  360.0 -90  42  66  -1.563   0.0   0.0
12.300  365.0  90  42  54  -1.563   0.0   0.0
12.300  370.0  90  42  72   1.563   0.0   0.0
12.300  375.0  90  42  66   1.563   0.0   0.0
12.400  370.0  90  42  60   1.563   0.0   0.0
12.400  375.0  90  42  66   1.563   0.0   0.0
12.400  380.0  90  42  60   1.563   0.0   0.0
12.400  365.0 -90  42  66  -1.563   0.0   0.0
12.500  375.0  90  42  66   1.563   0.0   0.0
12.500  380.0  90  42  66   1.563   0.0   0.0
12.500  370.0 -90  42  72   1.563   0.0   0.0
12.600  375.0  90  48  60   1.563   0.0   0.0
12.600  380.0  90  48  66   1.563   0.0   0.0
12.600  385.0  90  48  60   1.563   0.0   0.0
12.600  370.0 -90  48  66  -1.563   0.0   0.0
12.700  380.0  90  42  60   1.563   0.0   0.0
12.700  385.0  90  42  66   1.563   0.0   0.0
12.700  390.0  90  42  54  -1.563   0.0   0.0
12.700  375.0 -90  42  66   1.563   0.0   0.0
12.800  385.0  90  42  60   1.563   0.0   0.0
12.800  390.0  90  42  66   1.563   0.0   0.0
12.800  395.0  90  42  54   1.563   0.0   0.0
12.800  375.0 -90  42  66  -1.563   0.0   0.0
12.800  380.0 -90  42  66   1.563   0.0   0.0
12.900  390.0  90  42  60   1.563   0.0   0.0
12.900  395.0  90  42  60   1.563   0.0   0.0
12.900  400.0  90  42  54   1.563   0.0   0.0
12.900  380.0 -90  42  66   1.563   0.0   0.0
12.900  385.0 -90  42  66   1.563   0.0   0.0
13.000  395.0  90  42  60   1.563   0.0   0.0
13.000  400.0  90  42  60   1.563   0.0   0.0
13.000  405.0  90  42  54   1.563   0.0   0.0
13.000  385.0 -90  42  66   1.563   0.0   0.0
13.000  390.0 -90  42  60   1.563   0.0   0.0
13.100  400.0  90  42  54   1.563   0.0   0.0
13.100  405.0  90  42  60   1.563   0.0   0.0
13.100  410.0  90  42  54  -1.563   0.0   0.0
13.100  390.0 -90  42  66   1.563   0.0   0.0
13.200  410.0  90  42  60   1.563   0.0   0.0
13.200  415.0  90  42  54   1.563   0.0   0.0
13.200  390.0 -90  42  60  -1.563   0.0   0.0
13.200  395.0 -90  42  60   1.563   0.0   0.0
13.300  415.0  90  42  54   1.563   0.0   0.0
13.300  420.0  90  42  60   1.563   0.0   0.0
13.300  400.0 -90  42  60   1.563   0.0   0.0
13.400  425.0  90  48  60   1.563   0.0   0.0
13.400  430.0  90  48  60   1.563   0.0   0.0
13.500  440.0  90  42  60   1.563   0.0   0.0
13.500  410.0 -90  42  60   1.563   0.0   0.0
13.600  450.0  90  42  54   1.563   0.0   0.0
13.600  455.0  90  42  60   1.563   0.0   0.0
13.600  460.0  90  42  54   1.563   0.0   0.0
13.600  415.0 -90  42  60   1.563   0.0   0.0
13.600  420.0 -90  42  60   1.563   0.0   0.0
13.700  475.0  90  42  54   1.563   0.0   0.0
13.700  425.0 -90  42  60   1.563   0.0   0.0
13.700  430.0 -90  42  60   1.563   0.0   0.0
13.800  520.0  90  42  54   1.563   0.0   0.0
